23 54 green 267 25 57 green 2060 2115
37 15 purple 44 18 48 green 1222 34 56 blue 1381 64 44 red 2109 2280
48 77 brown 1140 48 46 yellow 1485 2351
65 44 pink 1096 42 74 brown 1133 15 6 gray 1172 14 42 green 2067 2091
7 31 green 484 41 40 yellow 601 986
34 33 yellow 309 55 79 brown 929 19 50 green 1350 57 41 purple 1936 68 46 pink 1982 2217
57 81 brown 150 49 77 brown 584 46 78 green 1220 20 18 yellow 2248 2352
57 81 brown 569 56 80 brown 1030 52 40 black 1122 40 73 green 1347 67 53 black 1778 37 34 gray 1897 11 34 green 2263 2353
31 52 blue 346 17 46 green 1398 15 48 brown 1460 23 53 green 2263 2388
51 18 orange 453 52 35 red 1163 42 32 black 1450 27 58 green 1544 9 31 green 1649 1731
25 15 gray 802 66 46 red 1000 49 36 black 1861 18 49 green 1959 2314
63 50 black 485 25 14 gray 1929 43 20 purple 2180 2378
67 54 black 112 46 34 black 523 54 37 purple 772 13 10 yellow 875 23 52 green 1371 2228
77 62 black 215 18 50 brown 966 69 58 black 1862 2089
51 37 black 110 59 39 pink 462 37 18 black 625 48 34 red 1363 61 50 black 1531 36 64 blue 1728 1871
48 36 black 69 34 32 yellow 387 22 13 gray 553 72 60 black 624 36 14 purple 1281 40 71 brown 2229 2309
50 77 brown 214 42 75 green 371 18 9 gray 494 13 40 green 666 49 18 orange 1354 1864
69 47 pink 192 17 46 green 398 41 32 black 480 52 77 brown 772 39 38 yellow 1512 53 32 pink 1603 1644
36 66 brown 243 25 25 yellow 327 13 13 yellow 807 52 40 black 1774 2110
56 79 brown 214 25 56 green 544 1771
55 40 red 380 25 26 yellow 732 52 77 brown 1109 54 24 orange 1566 28 29 yellow 2225 2346
38 26 black 367 47 75 brown 494 34 11 purple 781 39 65 blue 938 69 58 black 1894 28 59 brown 2178 2330
74 61 black 257 44 33 black 1223 36 15 purple 1419 12 7 yellow 1510 57 82 brown 1527 25 22 yellow 2071 60 48 black 2280 2379
49 34 red 42 73 56 pink 116 28 49 blue 293 73 61 black 350 32 13 black 1137 32 59 brown 1476 27 18 gray 2107 2316
20 52 brown 1106 62 49 purple 1542 33 27 gray 1604 23 56 brown 2273 2380
47 33 purple 62 45 23 purple 1391 68 46 pink 1790 10 32 green 2118 69 47 red 2209 2309
18 12 gray 679 36 67 brown 743 42 20 purple 2215 14 47 brown 2332 2337
45 78 green 3 31 50 blue 35 51 30 pink 1153 55 41 red 1588 16 44 green 2398 2398
61 44 red 120 41 73 brown 864 56 46 black 1511 32 13 black 1965 2257
47 33 purple 1775 27 18 gray 2004 48 33 purple 2012 2291
40 71 brown 127 26 17 gray 1773 1872
52 39 red 47 30 31 yellow 2162 2170
46 34 red 186 45 22 purple 584 51 37 black 939 32 13 black 1278 7 31 green 1724 33 14 black 1923 37 32 gray 2317 2384
41 42 yellow 1116 31 9 purple 1186 31 53 blue 1251 22 20 yellow 1321 17 16 yellow 2112 35 17 black 2156 2359
43 31 red 11 58 48 black 129 38 24 black 396 21 12 gray 946 28 48 blue 1793 2310
28 21 gray 173 36 70 brown 601 16 6 gray 821 58 45 purple 2031 2104
31 66 green 129 35 57 blue 746 33 54 blue 1424 62 43 pink 1789 59 44 red 2084 26 58 green 2287 55 38 purple 2366 2383
42 32 black 456 40 16 purple 474 32 66 green 670 34 32 yellow 814 19 49 green 1850 2189
33 29 gray 323 7 31 green 959 52 39 red 963 52 39 red 1566 23 13 gray 1691 49 18 orange 1752 35 60 blue 2235 2308
58 44 purple 142 25 22 yellow 469 31 59 brown 952 33 30 gray 1408 46 44 yellow 1804 2070
34 12 purple 52 53 32 pink 625 52 40 red 709 896
13 41 green 41 38 69 green 154 44 34 black 739 76 61 black 1254 56 32 pink 1788 2347
47 32 purple 622 39 39 yellow 1523 40 39 yellow 1533 49 18 orange 2111 2287
65 45 red 124 18 10 gray 508 35 56 blue 707 65 44 red 972 38 23 black 1102 39 70 brown 1225 37 69 green 2326 2352
28 47 blue 218 33 28 gray 251 36 14 purple 1117 41 30 black 1200 2187
22 20 yellow 278 52 37 purple 590 15 43 green 760 9 32 green 856 49 77 brown 1247 41 29 black 1429 50 34 red 1685 2058
41 18 purple 216 58 48 black 250 25 15 gray 545 35 12 purple 1691 20 53 brown 2284 2341
61 30 orange 737 33 14 black 1164 55 42 red 2271 69 47 pink 2388 2397
48 76 brown 188 71 49 red 677 63 32 orange 902 28 19 gray 2211 2323
36 36 yellow 114 43 74 brown 1045 52 31 pink 1474 52 39 black 2041 47 44 yellow 2117 2308
50 34 red 166 31 31 yellow 807 47 34 black 813 46 30 purple 1482 37 36 yellow 1942 58 42 purple 2387 2388
41 28 red 738 28 27 yellow 880 75 61 black 1037 25 57 green 1354 1730
31 50 blue 474 69 48 red 479 52 40 red 1259 58 35 pink 1841 2181
20 54 brown 954 16 16 yellow 1052 73 54 pink 1630 51 31 pink 1674 61 31 orange 2031 2240
58 27 orange 402 52 18 orange 527 29 59 brown 1462 21 51 green 1501 21 50 green 1601 18 12 gray 2131 56 25 orange 2334 2364
69 47 pink 906 19 49 green 914 44 33 black 1664 17 46 green 1753 31 50 blue 2233 2235
39 70 brown 1265 23 52 green 1855 59 29 orange 2190 2272
60 49 purple 673 18 51 brown 1028 23 53 green 1357 52 31 pink 1908 66 46 red 2333 72 52 pink 2396 2396
38 71 green 214 54 32 pink 1364 24 21 yellow 1799 50 77 brown 1848 2369
36 63 blue 335 36 64 blue 661 31 59 brown 1601 17 7 gray 1683 41 32 black 1777 41 30 black 2057 41 30 red 2384 2384
53 45 black 202 22 20 yellow 339 14 42 green 801 56 42 red 1113 29 27 gray 1700 2195
39 65 blue 1014 20 54 brown 1172 35 56 blue 1236 1889
54 24 orange 285 51 35 purple 1556 51 35 purple 1702 33 31 gray 1965 60 48 black 2192 2356
23 21 yellow 428 48 15 orange 988 48 17 orange 1876 4 29 green 2079 13 10 yellow 2237 43 20 purple 2361 2365
28 20 gray 522 33 31 gray 591 64 35 orange 1054 19 16 yellow 1094 18 49 green 1390 34 10 purple 1867 2131
13 9 yellow 1091 28 58 green 1245 38 26 black 2030 17 46 green 2371 29 49 blue 2388 2396
31 65 green 147 29 23 gray 839 52 77 brown 1568 30 63 green 1667 17 16 yellow 2045 33 13 black 2284 36 63 blue 2380 2393
35 60 blue 600 15 14 yellow 964 46 14 orange 1452 58 34 pink 1489 57 33 pink 1584 24 55 green 1706 2293
53 40 black 222 28 48 blue 269 24 56 green 501 17 47 green 1738 80 62 black 2102 2342
30 59 brown 510 40 70 brown 888 21 56 brown 1709 2155
58 48 black 1774 41 75 green 2300 2308
28 47 blue 59 32 9 purple 1957 2298
28 61 green 110 18 9 gray 335 27 26 yellow 961 13 12 yellow 1238 20 12 gray 1579 56 46 black 1659 2156
41 31 black 266 56 79 brown 1221 55 37 purple 1818 1871
28 48 blue 677 52 35 red 1804 2328
70 59 black 130 13 45 brown 360 538
76 62 black 602 16 6 gray 953 43 74 brown 1313 9 41 brown 1453 43 21 purple 1547 33 28 gray 1585 66 46 pink 2054 2304
15 49 brown 556 48 46 yellow 1440 33 53 blue 1451 4 29 green 2050 2392
16 15 yellow 552 16 49 brown 625 25 21 yellow 700 2335
68 47 red 50 33 14 black 1027 1481
43 43 yellow 387 32 53 blue 434 38 26 black 499 33 63 brown 947 43 44 yellow 1080 1363
78 62 black 959 48 45 yellow 1136 36 12 purple 1567 71 48 red 1923 56 42 red 2116 64 44 pink 2375 2387
15 13 yellow 248 12 44 brown 827 25 23 yellow 1104 39 28 black 1754 12 39 green 2013 34 67 green 2301 2336
26 16 gray 439 42 30 red 882 23 14 gray 1529 31 50 blue 1723 10 43 brown 1984 2201
36 34 yellow 89 38 24 black 112 23 56 brown 407 21 12 gray 604 58 42 red 1269 19 52 brown 2115 2334
60 48 purple 247 48 34 red 362 40 18 purple 763 22 19 yellow 1005 61 41 pink 1744 7 31 green 2249 2287
8 31 green 761 49 77 brown 1257 58 36 pink 1275 71 48 pink 1908 56 48 black 1998 2044
21 12 gray 773 48 26 pink 966 33 31 gray 1224 42 75 green 1502 16 46 green 1972 22 21 yellow 2152 69 46 pink 2306 2312
64 34 orange 271 51 37 black 454 54 45 black 558 27 58 green 1010 47 44 yellow 1297 1614
71 49 red 18 41 32 black 425 53 44 black 1195 44 21 purple 1323 28 58 brown 1753 24 57 brown 2005 2201
48 26 pink 559 46 33 red 891 45 33 red 942 56 80 brown 1018 41 74 brown 1563 41 74 brown 1646 18 50 brown 2262 2386
37 70 brown 318 28 58 green 383 28 59 brown 701 58 26 orange 915 54 22 orange 1109 40 17 purple 2223 59 28 orange 2273 2374
48 44 yellow 26 57 82 brown 315 52 40 black 475 38 26 black 705 59 39 pink 1897 43 32 red 2344 2381
30 31 yellow 689 70 59 black 691 17 47 green 2011 71 48 pink 2142 2325
37 33 gray 569 43 32 black 1054 48 46 yellow 2161 2182
66 46 pink 1036 43 77 green 1128 39 29 black 1587 30 49 blue 1757 60 30 orange 2078 35 32 gray 2137 34 31 yellow 2342 2399
56 46 black 1836 27 19 gray 2050 2126
51 35 red 429 20 53 brown 594 20 12 gray 743 54 20 orange 757 54 21 orange 1618 40 74 green 2250 2333
46 13 orange 676 31 49 blue 888 59 45 purple 1179 35 31 gray 1392 14 46 brown 1956 2223
35 66 brown 342 22 56 brown 342 16 6 gray 1632 2020